Time, Position (X), Position (Y), Position (Z), Rotation (X), Rotation (Y), Rotation (Z)
1320.218,0.1977416,0.07698959,2.191096,0.02927079,0.7084624,-0.6841721
1320.231,0.1977487,0.07698607,2.19111,0.02956207,0.7083972,-0.6841822
1320.246,0.1977552,0.07698137,2.191121,0.0298207,0.7083049,-0.6842346
1320.259,0.1977617,0.07697505,2.19113,0.03010045,0.7082235,-0.684288
1320.272,0.1977621,0.07696831,2.191123,0.03004857,0.7082549,-0.684321
1320.287,0.197768,0.07696337,2.191132,0.03031566,0.7082436,-0.6843053
1320.301,0.1977747,0.07695764,2.191142,0.03064414,0.7082843,-0.6842461
1320.315,0.1977795,0.07695395,2.19115,0.03082309,0.7083476,-0.6841746
1320.328,0.1977778,0.07695132,2.191142,0.0307436,0.7085055,-0.6840867
1320.343,0.1977793,0.07695103,2.191146,0.03081923,0.7086048,-0.6839911
1320.357,0.197777,0.07695526,2.191145,0.03069884,0.7086756,-0.6839205
1320.37,0.1977739,0.07695895,2.191141,0.03058997,0.7087267,-0.68388
1320.385,0.1977724,0.07696247,2.191142,0.03055281,0.7088001,-0.6838027
1320.398,0.1977706,0.07696658,2.191142,0.03046638,0.7088325,-0.6837571
1320.412,0.1977683,0.0769732,2.191144,0.03040429,0.7088746,-0.6836831
1320.426,0.1977642,0.07697904,2.19114,0.03029672,0.7090317,-0.6835307
1320.44,0.1977664,0.07698435,2.191153,0.03047882,0.7090936,-0.683387
1320.453,0.1977724,0.076989,2.191173,0.03096236,0.7091586,-0.6831831
1320.468,0.1977861,0.07698959,2.191209,0.03203251,0.7092351,-0.6828794
1320.482,0.1977986,0.07698959,2.191241,0.03282456,0.7092263,-0.6826697
1320.496,0.197815,0.07699186,2.191286,0.03395811,0.7091888,-0.6823806
1320.509,0.1978366,0.0769946,2.191346,0.03518477,0.7092158,-0.6820223
1320.524,0.1978544,0.07699668,2.191395,0.03641408,0.7091756,-0.6817255
1320.538,0.1978807,0.07699752,2.191466,0.03827027,0.7090959,-0.6813443
1320.551,0.1979083,0.07699561,2.191537,0.04012103,0.7090495,-0.6809403
1320.565,0.1979391,0.07699168,2.191616,0.04243239,0.7089295,-0.6804877
1320.58,0.1979715,0.07698792,2.1917,0.0445196,0.7088516,-0.6799778
1320.593,0.1980049,0.07698667,2.191791,0.04640166,0.7087886,-0.6794587
1320.607,0.1980379,0.07698816,2.191887,0.04831778,0.7087171,-0.6788864
1320.621,0.1980714,0.07699072,2.191987,0.05026203,0.7086478,-0.6783557
1320.635,0.1981046,0.07699418,2.192088,0.05222642,0.7085609,-0.6777907
1320.649,0.1981406,0.07699692,2.192199,0.05459149,0.7084858,-0.6771408
1320.663,0.1981792,0.07699871,2.192319,0.05713079,0.7083045,-0.6765075
1320.677,0.1982208,0.07699788,2.192447,0.0599847,0.7080854,-0.675888
1320.69,0.1982652,0.07699251,2.192579,0.06305595,0.7076867,-0.6754318
1320.705,0.1983133,0.07698381,2.192724,0.0661487,0.7074265,-0.6747116
1320.719,0.1983622,0.07697546,2.192874,0.06914945,0.7070955,-0.6740234
1320.732,0.1984096,0.07696801,2.193025,0.07197072,0.7067893,-0.6733517
1320.747,0.1984572,0.07696074,2.193182,0.07486042,0.7065302,-0.6726068
1320.761,0.1985041,0.07695317,2.193341,0.07792587,0.7062426,-0.6718461
1320.775,0.1985444,0.07694566,2.19348,0.08104056,0.7058059,-0.6711802
1320.788,0.1986033,0.07693326,2.193688,0.08402803,0.7052341,-0.6705985
1320.803,0.1986478,0.07692403,2.193851,0.08684205,0.7045285,-0.6701897
1320.816,0.1986896,0.07691604,2.194012,0.08950853,0.7040154,-0.6696114
1320.837,0.1987245,0.07690763,2.194148,0.0922929,0.703402,-0.6691373
1320.844,0.1987589,0.07689732,2.194281,0.09531939,0.7028685,-0.6685541
1320.856,0.1988051,0.07688004,2.19446,0.09831256,0.7022982,-0.6680724
1320.87,0.1988457,0.07686132,2.194617,0.1014294,0.7017586,-0.6674869
1320.886,0.1988851,0.07684183,2.194773,0.1043706,0.7012382,-0.6668593
1320.899,0.1989241,0.07682174,2.194932,0.1073973,0.7006341,-0.6662818
1320.912,0.1989617,0.07680005,2.195088,0.11007,0.6999861,-0.6659019
1320.927,0.1989969,0.07677817,2.195235,0.1124872,0.6994805,-0.6654266
1320.941,0.1990272,0.07676041,2.195371,0.1143322,0.6989074,-0.6651087
1320.955,0.1990536,0.07674688,2.1955,0.1159625,0.6983804,-0.664799
1320.968,0.199076,0.07673663,2.195616,0.1174142,0.6977537,-0.6646513
1320.983,0.1990957,0.07672828,2.195725,0.1188427,0.6971342,-0.6645275
1320.997,0.1991133,0.07671994,2.195824,0.1204214,0.6965746,-0.6643817
1321.01,0.1991283,0.07671136,2.195906,0.1219625,0.6960147,-0.6642683
1321.025,0.1991477,0.07669795,2.196008,0.1230222,0.6958119,-0.6640707
1321.039,0.1991656,0.07668346,2.196098,0.1236466,0.6955789,-0.6640619
1321.052,0.1991793,0.07667243,2.196171,0.1244877,0.6952296,-0.66399
1321.067,0.199191,0.07666379,2.196237,0.1251555,0.6949582,-0.6638763
1321.081,0.1991994,0.07666039,2.196295,0.1256089,0.6947147,-0.6637926
1321.095,0.1992048,0.07666057,2.196342,0.1258505,0.6944151,-0.6638618
1321.108,0.1992072,0.07666481,2.19638,0.1258677,0.6942424,-0.6638979
1321.122,0.1992064,0.07667285,2.196402,0.1257989,0.6940101,-0.6640128
1321.136,0.199204,0.07668108,2.196411,0.1256464,0.6938053,-0.6641455
1321.15,0.1991986,0.0766933,2.196409,0.1253147,0.6935466,-0.6643665
1321.164,0.1991937,0.07670319,2.196403,0.1250156,0.6933483,-0.6645685
1321.178,0.1991897,0.0767107,2.196395,0.1247385,0.6932117,-0.6647193
1321.192,0.1991834,0.07672232,2.196383,0.1243332,0.6931272,-0.6648353
1321.206,0.1991777,0.07673287,2.196373,0.1239506,0.6931506,-0.6648656
1321.221,0.1991684,0.07675129,2.196359,0.1232085,0.6932702,-0.6648236
1321.234,0.1991555,0.07677633,2.196341,0.1214382,0.693751,-0.6645434
1321.247,0.1991269,0.07683337,2.196304,0.1160607,0.6948255,-0.6638833
1321.262,0.1990801,0.07692379,2.196241,0.110849,0.6955005,-0.6638662
1321.276,0.1990249,0.07702279,2.196147,0.1083767,0.6958622,-0.6643581
1321.289,0.1989909,0.07707453,2.19606,0.1077814,0.6972068,-0.6640776
1321.304,0.1989672,0.07710791,2.195993,0.1082096,0.7002093,-0.6613966
1321.318,0.1989541,0.07713407,2.195982,0.1115563,0.7037467,-0.6571737
1321.331,0.1989662,0.07712632,2.196047,0.1183396,0.7071387,-0.6527755
1321.345,0.1990046,0.07707655,2.196175,0.1252613,0.7099501,-0.648789
1321.359,0.1990543,0.07700831,2.196336,0.1304688,0.7129502,-0.6447846
1321.373,0.1991014,0.07694262,2.196499,0.1332722,0.7160168,-0.6411083
1321.387,0.1991331,0.07690251,2.196635,0.1329495,0.7185513,-0.6384545
1321.401,0.1991417,0.07690334,2.196726,0.1302558,0.7208976,-0.636323
1321.415,0.1991261,0.0769484,2.196768,0.1264703,0.7232568,-0.6344072
1321.429,0.1990957,0.07701933,2.196774,0.1234185,0.7255129,-0.6326179
1321.443,0.1990613,0.07709515,2.196766,0.1218215,0.7274631,-0.6308828
1321.457,0.1990318,0.07716012,2.19676,0.1216821,0.7289624,-0.6293319
1321.47,0.1990104,0.07720912,2.196767,0.1223878,0.7301246,-0.6278777
1321.485,0.1989977,0.07724178,2.19679,0.1234901,0.7310366,-0.626627
1321.499,0.1989911,0.07726234,2.196819,0.124115,0.7323055,-0.6252387
1321.512,0.198984,0.07728362,2.196847,0.1236386,0.7348348,-0.622825
1321.527,0.1989712,0.07731289,2.196854,0.1216797,0.737375,-0.6206919
1321.541,0.1989487,0.0773586,2.196836,0.1190032,0.7405902,-0.6181505
1321.555,0.1989193,0.07741469,2.1968,0.1164984,0.7445979,-0.6147873
1321.568,0.1988893,0.0774709,2.196759,0.1138777,0.7492091,-0.6107287
1321.583,0.1988435,0.07755601,2.196699,0.1113947,0.7549233,-0.6054177
1321.596,0.1529057,0.1195813,2.192842,-0.08438926,0.7801627,-0.6182797
1321.61,0.1523332,0.1203253,2.191901,-0.08329877,0.7858217,-0.6114855
1321.624,0.1535708,0.1187994,2.19415,-0.08092052,0.7923883,-0.6035038
1321.639,0.1532851,0.119572,2.193301,-0.07820494,0.7995116,-0.5945876
1321.652,0.1475189,0.1253476,2.179863,-0.02911242,0.8139645,-0.5801186
1321.666,0.147761,0.1262394,2.17923,-0.02464314,0.8225769,-0.5679911
1321.68,0.1482576,0.1280583,2.177878,-0.02004147,0.832674,-0.5531575
1321.693,0.1509727,0.1631429,2.143507,-0.01636901,0.841529,-0.5395391
1321.708,0.1530421,0.1726903,2.135639,-0.01332797,0.8520968,-0.5226625
1321.722,0.1554837,0.1841993,2.126967,-0.01326143,0.8628371,-0.5046623
1321.736,0.1577194,0.1978839,2.117924,-0.01767734,0.8737128,-0.4854583
1321.749,0.1602424,0.2133208,2.108514,-0.02342805,0.885012,-0.4642625
1321.763,0.1632092,0.2312493,2.098582,-0.02722595,0.8968459,-0.4406149
1321.777,0.166563,0.2503453,2.088752,-0.02806963,0.9087076,-0.4153825
1321.791,0.1704278,0.270997,2.07933,-0.02576065,0.9206339,-0.3882638
1321.805,0.1746807,0.2931161,2.070373,-0.02356182,0.9319417,-0.3603919
1321.819,0.1788325,0.3165962,2.062097,-0.02306089,0.9427884,-0.3309525
1321.833,0.1827992,0.3414361,2.05543,-0.02440617,0.9530817,-0.2997079
1321.847,0.1869133,0.3669922,2.049385,-0.02871751,0.9621108,-0.2686407
1321.861,0.1914446,0.3932922,2.04424,-0.0335201,0.9699644,-0.237718
1321.875,0.1966366,0.4199961,2.039747,-0.03909763,0.9764275,-0.2083097
1321.889,0.2022291,0.4469224,2.036074,-0.04676083,0.9816632,-0.1804753
1321.903,0.2083342,0.4739519,2.03274,-0.05685401,0.9856855,-0.1543924
1321.917,0.2146076,0.5012108,2.030203,-0.0683407,0.9888812,-0.1281996
1321.93,0.2210401,0.5280288,2.02874,-0.07915137,0.9913405,-0.1018202
1321.945,0.2271439,0.5546366,2.02809,-0.08863842,0.9929991,-0.07594226
1321.959,0.233183,0.5810722,2.02838,-0.09487589,0.9941092,-0.05068995
1321.972,0.2389974,0.606884,2.029129,-0.09955028,0.9946626,-0.02516948
1321.986,0.2446278,0.6321405,2.031362,-0.1050457,0.9944423,-0.0001350597
1322,0.2500544,0.6570605,2.033483,-0.1128921,0.9932764,0.02550463
1322.014,0.2554232,0.6809365,2.037063,-0.1248244,0.9906259,0.05538953
1322.028,0.2610798,0.7033393,2.039928,-0.1356439,0.9872481,0.08275796
1322.042,0.2671487,0.7241454,2.042875,-0.1467297,0.983363,0.1056382
1322.057,0.2737356,0.7436111,2.04591,-0.1584392,0.9789556,0.1254546
1322.069,0.280386,0.7623069,2.048788,-0.1700463,0.9739195,0.144625
1322.084,0.287581,0.7798067,2.0518,-0.1795958,0.9689996,0.160491
1322.098,0.2949055,0.7970264,2.054562,-0.1854062,0.9647992,0.172847
1322.111,0.3024871,0.8134779,2.057346,-0.1873121,0.9615729,0.1823634
1322.126,0.3101703,0.8293864,2.060183,-0.188047,0.9582114,0.1928065
1322.14,0.3178954,0.8446356,2.063148,-0.1914376,0.9535607,0.2049131
1322.153,0.3258284,0.8592092,2.066092,-0.1972121,0.9480006,0.216077
1322.167,0.3346143,0.8726913,2.0688,-0.2048096,0.9413417,0.2266559
1322.181,0.3436704,0.8853137,2.071616,-0.212695,0.9336402,0.2373651
1322.195,0.3532393,0.8970416,2.074489,-0.2181905,0.9262895,0.2463707
1322.209,0.3634393,0.9078548,2.077137,-0.2176156,0.9212927,0.251514
1322.223,0.3739393,0.9178412,2.079707,-0.2139916,0.9177008,0.2541283
1322.237,0.384813,0.9268574,2.082145,-0.2084232,0.9149123,0.2551278
1322.25,0.3958303,0.9349059,2.084752,-0.2031568,0.9119198,0.2549413
1322.265,0.4066727,0.9424406,2.08749,-0.2001411,0.908028,0.2548585
1322.279,0.4174088,0.9497288,2.090805,-0.1996891,0.9026845,0.2557614
1322.292,0.4282172,0.9565489,2.094555,-0.201305,0.8951492,0.2605841
1322.307,0.4390598,0.962648,2.098287,-0.2025481,0.887037,0.2658269
1322.321,0.4499359,0.9680831,2.101799,-0.2018057,0.8808115,0.2675764
1322.335,0.4608942,0.9730349,2.105111,-0.2002733,0.876629,0.2655613
1322.348,0.4719033,0.977713,2.10877,-0.199228,0.8727795,0.2609823
1322.363,0.4824303,0.9826242,2.113409,-0.1991679,0.8665085,0.2586152
1322.376,0.4926131,0.9873635,2.11931,-0.1978822,0.8573231,0.2633016
1322.39,0.5025974,0.9916835,2.124914,-0.193774,0.8488777,0.2686689
1322.404,0.5126129,0.9955537,2.130713,-0.1863013,0.8430591,0.2717306
1322.418,0.5224223,0.9991792,2.136257,-0.1796856,0.8381569,0.2716587
1322.432,0.5322803,1.002337,2.141905,-0.1717527,0.8346698,0.2684912
1322.446,0.5414981,1.005367,2.148425,-0.1664608,0.8294595,0.2659062
1322.46,0.5497376,1.008292,2.155904,-0.1648686,0.8198759,0.2703767
1322.475,0.5579395,1.010684,2.163258,-0.162942,0.8096533,0.2786086
1322.487,0.5659707,1.01263,2.170041,-0.1595608,0.8015603,0.283486
1322.502,0.574224,1.014179,2.176291,-0.1556,0.7973305,0.2829548
1322.516,0.5822499,1.015388,2.182536,-0.1515428,0.7942696,0.2801737
1322.529,0.5897613,1.016173,2.189148,-0.1498916,0.7904588,0.2756802
1322.544,0.5966674,1.016872,2.196465,-0.1527912,0.7824144,0.2709813
1322.558,0.6030937,1.017471,2.204188,-0.1594052,0.7694389,0.2701553
1322.571,0.6095067,1.01769,2.211741,-0.1614129,0.7570326,0.270808
1322.585,0.6159293,1.017559,2.21902,-0.1552419,0.7507328,0.271259
1322.599,0.6215625,1.017044,2.226053,-0.1460993,0.7494279,0.272296
1322.613,0.627024,1.016115,2.232779,-0.1379775,0.7502362,0.272393
1322.627,0.6322482,1.015025,2.239691,-0.1334034,0.748517,0.2703605
1322.641,0.6370097,1.01385,2.246788,-0.1328366,0.7426742,0.2682807
1322.655,0.6415408,1.012433,2.253731,-0.1343666,0.7345374,0.2665683
1322.668,0.6458986,1.010678,2.260446,-0.1338211,0.7284409,0.2640031
1322.683,0.6501098,1.008614,2.266892,-0.1293508,0.7265418,0.2603584
1322.698,0.6541537,1.006528,2.273541,-0.1206163,0.7278587,0.2580327
1322.71,0.6576617,1.004157,2.279981,-0.1095635,0.7313873,0.258091
1322.725,0.6606292,1.001904,2.286792,-0.1011927,0.7337947,0.2598628
1322.739,0.6632217,0.9996417,2.293892,-0.09887118,0.7312936,0.2627243
1322.752,0.6656691,0.9970495,2.301096,-0.1013832,0.7224251,0.2643986
1322.766,0.66855,0.9941393,2.307719,-0.1009169,0.7150531,0.2617752
1322.78,0.6711553,0.9912533,2.313983,-0.09960185,0.7099676,0.2570475
1322.794,0.6738693,0.9881227,2.320153,-0.09535547,0.7093453,0.2530663
1322.808,0.6763276,0.9848299,2.326502,-0.08908477,0.7096346,0.2511176
1322.822,0.678453,0.9814743,2.333001,-0.08299458,0.7086449,0.2503679
1322.836,0.6802959,0.9780258,2.339111,-0.07941371,0.7054361,0.2484155
1322.849,0.6821551,0.9742901,2.34464,-0.07753841,0.701871,0.2436492
1322.864,0.6840584,0.9705524,2.349768,-0.07668886,0.6995984,0.2350792
1322.878,0.6855336,0.9667761,2.354707,-0.07800379,0.6970144,0.2256163
1322.891,0.686923,0.9629474,2.359462,-0.07947056,0.6946785,0.2162303
1322.907,0.6881572,0.9591792,2.364522,-0.07714617,0.6935923,0.2101798
1322.92,0.6894321,0.9552889,2.369621,-0.07208606,0.692987,0.2078584
1322.933,0.6905999,0.9517239,2.374675,-0.0667992,0.6916466,0.2060068
1322.948,0.6917489,0.9479839,2.379655,-0.06223697,0.6896086,0.2044761
1322.962,0.6930491,0.9441042,2.384338,-0.05774027,0.6875589,0.2011678
1322.976,0.6943818,0.9400386,2.388788,-0.05497896,0.6854233,0.1954948
1322.989,0.6957787,0.9358941,2.393147,-0.05379595,0.6820143,0.1883124
1323.003,0.697049,0.9315358,2.397341,-0.05152385,0.6789633,0.1813508
1323.017,0.6983924,0.9269916,2.401338,-0.04831515,0.6768817,0.1742121
1323.031,0.6998768,0.9222668,2.405219,-0.04517899,0.6754214,0.1662409
1323.045,0.7013112,0.9173962,2.409004,-0.04325782,0.6731933,0.1566013
1323.059,0.7027715,0.9125266,2.41298,-0.04153667,0.6695004,0.1466915
1323.072,0.704125,0.9074104,2.417039,-0.03787649,0.6652674,0.1383757
1323.087,0.7054562,0.9022188,2.421014,-0.03208509,0.6613183,0.1314167
1323.101,0.706469,0.8970885,2.424643,-0.02675621,0.6581753,0.1257136
1323.115,0.7072169,0.8918959,2.427756,-0.02366673,0.6563076,0.120656
1323.128,0.7080076,0.8866107,2.430559,-0.02232611,0.6556407,0.1140447
1323.143,0.7088382,0.8813521,2.433345,-0.02166422,0.6546,0.1067804
1323.157,0.7097543,0.8758948,2.436179,-0.01915235,0.6528084,0.09999109
1323.17,0.7106577,0.8704875,2.438991,-0.01557251,0.6499248,0.09284744
1323.185,0.7114043,0.8651999,2.441641,-0.01096893,0.6463565,0.08552521
1323.199,0.7118948,0.8602817,2.44398,-0.008455637,0.6434685,0.07890195
1323.212,0.7121649,0.8556323,2.44613,-0.007571521,0.6411204,0.07363622
1323.227,0.712369,0.8512449,2.448132,-0.006950083,0.6408473,0.07213904
1323.24,0.7128512,0.846531,2.449914,-0.004665985,0.6416423,0.0709709
1323.255,0.7135062,0.8418561,2.451201,-0.002793181,0.6422279,0.0656357
1323.268,0.7140911,0.8373709,2.452224,-0.003681086,0.6418179,0.05675386
1323.282,0.7144528,0.8331908,2.453125,-0.006329004,0.6411416,0.0471203
1323.297,0.7146439,0.8293097,2.454046,-0.01062339,0.6408241,0.03886424
1323.31,0.7147787,0.8254426,2.455246,-0.01289376,0.640823,0.03381797
1323.325,0.7152244,0.8215426,2.456934,-0.01137976,0.6407081,0.03218267
1323.338,0.7155528,0.8176916,2.458536,-0.008915991,0.6390239,0.02949428
1323.351,0.7158204,0.8141264,2.460099,-0.006798421,0.6360198,0.02614906
1323.366,0.7159509,0.8106652,2.461586,-0.004988547,0.633239,0.02323834
1323.38,0.7161518,0.807313,2.462944,-0.00284825,0.6313273,0.02103758
1323.393,0.7163998,0.8040169,2.46425,9.986597E-05,0.6301824,0.02004367
1323.408,0.7166526,0.8008482,2.465356,0.003679143,0.6291766,0.0188172
1323.422,0.716758,0.7980397,2.466208,0.005906866,0.6279654,0.01678793
1323.435,0.7168081,0.7954116,2.466914,0.006723653,0.6270686,0.01512882
1323.449,0.7168884,0.7928061,2.467598,0.007952398,0.6264281,0.01411001
1323.464,0.717081,0.7901577,2.468291,0.01027735,0.6257622,0.01342623
1323.478,0.717307,0.7875077,2.468655,0.01245511,0.6248574,0.01187847
1323.491,0.7175273,0.7849369,2.468744,0.0134011,0.6242115,0.00865592
1323.505,0.7178055,0.7825565,2.468521,0.01282454,0.6239702,0.004104873
1323.519,0.7181686,0.7801501,2.468253,0.01222119,0.6245008,-0.0001171691
1323.533,0.7184384,0.7778182,2.467934,0.01287709,0.625195,-0.003371675
1323.547,0.7186611,0.7754809,2.46763,0.01405782,0.6258059,-0.005876882
1323.561,0.7189371,0.7731749,2.467291,0.01509527,0.6259888,-0.008776121
1323.575,0.7191812,0.7709247,2.466918,0.01572809,0.6257688,-0.01214207
1323.589,0.7194672,0.7686331,2.466573,0.01681755,0.6254086,-0.01525656
1323.603,0.7197311,0.7663757,2.466209,0.01834146,0.6252385,-0.01807959
1323.617,0.7199181,0.7641577,2.465769,0.01989866,0.6251379,-0.02095016
1323.63,0.7201591,0.7620299,2.46531,0.02080435,0.6254809,-0.02415349
1323.645,0.7203899,0.7599136,2.464908,0.02148949,0.6253493,-0.02812658
1323.659,0.7206509,0.757989,2.464391,0.02098751,0.624404,-0.03339611
1323.672,0.720794,0.7561777,2.463851,0.01999592,0.6233116,-0.03842879
1323.686,0.7209074,0.7544922,2.463267,0.01894203,0.6227714,-0.04306756
1323.7,0.7209428,0.7528822,2.462765,0.01844156,0.6231701,-0.04645955
1323.714,0.7209737,0.7513307,2.462337,0.01893084,0.6235987,-0.04942125
1323.728,0.720996,0.7500101,2.461969,0.02006825,0.6239302,-0.0519678
1323.743,0.7209909,0.7487724,2.461557,0.02011925,0.6239008,-0.05513629
1323.756,0.7209401,0.7477728,2.461117,0.01916786,0.6234663,-0.05882589
1323.769,0.7208704,0.7469053,2.460772,0.01813198,0.6231593,-0.06213163
1323.784,0.7207475,0.746165,2.460469,0.01791124,0.6229628,-0.06462985
1323.798,0.7207051,0.745477,2.460184,0.01823966,0.6229457,-0.06638422
1323.811,0.7206815,0.7448804,2.459883,0.01846559,0.6228708,-0.0680782
1323.826,0.7206604,0.7442862,2.459543,0.01839754,0.6226668,-0.07008904
1323.84,0.7207004,0.7436037,2.459241,0.01815906,0.6223668,-0.0726504
1323.853,0.7207232,0.7428637,2.458886,0.01832812,0.6216419,-0.07598063
1323.867,0.7207459,0.742138,2.458553,0.01960968,0.6212113,-0.07971558
1323.881,0.7208107,0.7414062,2.458292,0.02089875,0.6207736,-0.08331571
1323.895,0.7208557,0.7406623,2.457999,0.02159213,0.6196828,-0.08732902
1323.909,0.7209139,0.7399991,2.457695,0.0212096,0.6188371,-0.09138915
1323.923,0.7209963,0.739502,2.45735,0.01971317,0.617826,-0.09525231
1323.937,0.7210518,0.7392256,2.456919,0.01780506,0.6169475,-0.09816942
1323.951,0.7210672,0.739026,2.456544,0.01693777,0.616824,-0.09959568
1323.965,0.7211398,0.7389523,2.456281,0.01793751,0.617591,-0.09828307
1323.979,0.721286,0.738916,2.456364,0.01985293,0.6185508,-0.09515838
1323.992,0.7210914,0.7387606,2.455906,0.02292524,0.6197052,-0.09277552
1324.007,0.7210475,0.7387286,2.45564,0.0244108,0.6202253,-0.09172864
1324.021,0.7210649,0.7387329,2.455532,0.02384249,0.6201252,-0.09198525
1324.035,0.7209901,0.7387456,2.455414,0.02321326,0.6199584,-0.09230394
1324.048,0.7208817,0.738735,2.455268,0.02300335,0.6198634,-0.09238792
1324.063,0.7207081,0.738728,2.455051,0.02303989,0.6197923,-0.09237038
1324.076,0.7205331,0.738694,2.454849,0.02324324,0.6198472,-0.09239035
1324.09,0.7205019,0.7385151,2.454643,0.02354204,0.620013,-0.09262861
1324.104,0.7206697,0.7382474,2.45454,0.02358521,0.6203231,-0.09307051
1324.118,0.7208213,0.7379861,2.454506,0.02360545,0.6205304,-0.09353975
1324.132,0.7207541,0.7377619,2.454442,0.02341785,0.6205504,-0.09449531
1324.146,0.7206491,0.7376083,2.454443,0.02299253,0.6203368,-0.09540006
1324.161,0.7206602,0.7374187,2.454529,0.02245159,0.6199122,-0.09631467
1324.174,0.7207869,0.7372471,2.454656,0.02210834,0.6196564,-0.096751
1324.187,0.7210028,0.7370729,2.454816,0.02220531,0.6196566,-0.09665152
1324.202,0.7210827,0.7369331,2.454979,0.02229479,0.6197074,-0.09638996
1324.215,0.7210986,0.7367747,2.455261,0.02251334,0.6198802,-0.09598979
1324.229,0.7209798,0.7367039,2.455468,0.02239735,0.6199121,-0.09579545
1324.244,0.7207786,0.7365861,2.455772,0.02198486,0.6195898,-0.0958951
1324.258,0.7206992,0.7363902,2.456127,0.02173081,0.619366,-0.09617747
1324.271,0.7207562,0.73611,2.456575,0.02180019,0.6191424,-0.09637205
1324.285,0.7208424,0.7357303,2.457143,0.02209706,0.6186931,-0.09651239
1324.299,0.7209044,0.7353493,2.457676,0.02242532,0.6182038,-0.09685589
1324.313,0.7209883,0.7350065,2.458158,0.02238943,0.6176869,-0.09724753
1324.327,0.7209322,0.7347341,2.458597,0.02257021,0.6171671,-0.09748813
1324.341,0.7207151,0.7345116,2.458943,0.02290045,0.6166092,-0.09755314
1324.355,0.7205898,0.7343268,2.459227,0.0233446,0.6164193,-0.0973198
1324.368,0.7205132,0.7341082,2.459503,0.02374288,0.6160583,-0.09708819
1324.383,0.720466,0.733911,2.459707,0.02402783,0.6159605,-0.09691949
1324.397,0.7205466,0.7336601,2.459907,0.02405287,0.6159891,-0.0968224
1324.41,0.7206195,0.7334089,2.460106,0.0240418,0.6160234,-0.09683584
1324.425,0.7206815,0.7330946,2.460337,0.02407118,0.6159034,-0.09706258
1324.439,0.7207224,0.7327944,2.460548,0.0239241,0.6156499,-0.09754512
1324.452,0.7208058,0.7325813,2.460708,0.02372309,0.6154699,-0.09787981
1324.466,0.7209122,0.7323937,2.460863,0.02387398,0.6154334,-0.09771995
1324.48,0.7209818,0.7321789,2.461097,0.02457471,0.6153339,-0.09734135
1324.494,0.7210642,0.7320813,2.461209,0.02501118,0.615272,-0.09716937
1324.509,0.7211904,0.7320039,2.461296,0.02518072,0.6152308,-0.09713271
1324.522,0.7213376,0.7319435,2.46137,0.02519464,0.6152305,-0.09721663
1324.536,0.7214159,0.7319819,2.4614,0.02514248,0.6152551,-0.09733321
1324.549,0.7215276,0.7321148,2.46141,0.02504802,0.6152282,-0.0974604
1324.564,0.7216894,0.7323966,2.461352,0.02474095,0.6151782,-0.09743886
1324.579,0.721802,0.7327641,2.461255,0.02441139,0.6152829,-0.09719353
1324.591,0.721954,0.7332755,2.461143,0.02409373,0.6156441,-0.09645399
1324.605,0.722157,0.733802,2.461113,0.02416689,0.6162593,-0.09519242
1324.619,0.7224335,0.734143,2.461171,0.02453563,0.616574,-0.09428734
1324.633,0.7226105,0.7343758,2.461135,0.02463313,0.6162215,-0.09437336
1324.647,0.7228248,0.734776,2.461049,0.02402583,0.6160082,-0.09486583
1324.661,0.7230071,0.735622,2.46086,0.02290492,0.6158366,-0.09538472
1324.675,0.7231277,0.7364562,2.46065,0.02190017,0.6157435,-0.09563999
1324.689,0.7232526,0.7372215,2.460414,0.02126156,0.6159033,-0.09518641
1324.703,0.7234721,0.737991,2.460145,0.02067813,0.6166749,-0.09419707
1324.717,0.7236679,0.7385732,2.459955,0.02032017,0.6174042,-0.09336834
1324.731,0.7237924,0.7390852,2.459864,0.02014584,0.6179723,-0.0926448
1324.745,0.7239343,0.7394617,2.459839,0.01993165,0.61805,-0.09230129
1324.759,0.7240282,0.7397246,2.459831,0.01955548,0.6177279,-0.09248578
1324.772,0.7241226,0.7401241,2.459795,0.01903172,0.6174155,-0.09251559
1324.787,0.7242054,0.7405081,2.459766,0.01864816,0.6172035,-0.09241113
1324.801,0.7242864,0.7408824,2.459777,0.01858686,0.6171989,-0.091783
1324.815,0.7243387,0.7412317,2.459812,0.01881066,0.6171406,-0.09091296
1324.828,0.7244535,0.7414879,2.459814,0.01931199,0.6172845,-0.09019186
1324.842,0.7245477,0.7416897,2.459775,0.01937731,0.6172789,-0.08990468
1324.856,0.7246346,0.7418324,2.459752,0.01930171,0.6173903,-0.08986875
1324.87,0.724707,0.7419581,2.459744,0.01919475,0.6173693,-0.08993895
1324.884,0.7248065,0.7421861,2.459729,0.01883791,0.617264,-0.09018872
1324.898,0.7248964,0.7423648,2.459739,0.01855152,0.617164,-0.09041334
1324.912,0.7250243,0.7425286,2.45977,0.0183804,0.6172013,-0.09045765
1324.926,0.725116,0.7426977,2.459803,0.01827618,0.6172077,-0.09032339
1324.94,0.7252215,0.742923,2.45985,0.01816866,0.6171606,-0.09014446
1324.953,0.7253437,0.7431723,2.459926,0.01804974,0.6169155,-0.09005035
1324.968,0.7254352,0.7434193,2.460006,0.01781996,0.6166679,-0.09006225
1324.982,0.7255245,0.7436678,2.460077,0.01759343,0.6164122,-0.09000042
1324.997,0.7255987,0.7438719,2.460124,0.01750305,0.6162724,-0.08978832
1325.009,0.7256773,0.7440786,2.460151,0.01743718,0.6162569,-0.08946253
1325.023,0.7257354,0.744284,2.460139,0.01744912,0.6163055,-0.08910903
1325.037,0.725767,0.7444741,2.460081,0.01735635,0.6163858,-0.08890668
1325.051,0.7257968,0.7446578,2.460008,0.01714069,0.6163609,-0.08894642
1325.065,0.7258982,0.744846,2.459946,0.01681456,0.6163131,-0.08898534
1325.079,0.7259965,0.74501,2.459901,0.01659722,0.6163251,-0.08882111
1325.093,0.726064,0.7451771,2.459851,0.01657837,0.6163937,-0.08845314
1325.107,0.7261177,0.7453543,2.459808,0.01680751,0.6164669,-0.08796253
1325.121,0.7261556,0.7454715,2.459755,0.01700147,0.6164665,-0.08769286
1325.135,0.7261621,0.7455759,2.459669,0.01694858,0.6163602,-0.08772357
1325.148,0.7262076,0.745721,2.459531,0.01674503,0.616123,-0.08800303
1325.163,0.7262597,0.7458466,2.459361,0.01641498,0.6160259,-0.08837142
1325.177,0.7263181,0.745944,2.459199,0.01615821,0.6161488,-0.08850182
1325.19,0.7264054,0.7460455,2.458978,0.01619943,0.6164679,-0.08839928
1325.204,0.726491,0.7461276,2.458784,0.01624031,0.6166604,-0.08838864
1325.219,0.7265764,0.7462072,2.458598,0.01601999,0.616789,-0.08849632
1325.232,0.7267612,0.7462585,2.45843,0.01574049,0.6168104,-0.08871023
1325.246,0.7269247,0.7463058,2.458291,0.01557823,0.616704,-0.08892339
1325.26,0.7271079,0.7463759,2.458093,0.01541681,0.6166176,-0.0891587
1325.274,0.7272407,0.746461,2.457898,0.01522206,0.6166294,-0.08929928
1325.287,0.7273937,0.7465717,2.457649,0.014967,0.6167498,-0.0893687
1325.305,0.7275578,0.746691,2.457369,0.01478498,0.6169916,-0.08932968
1325.316,0.7277086,0.7467864,2.457134,0.01462779,0.6172183,-0.08930439
1325.328,0.727843,0.7468654,2.456908,0.01450203,0.6173742,-0.08934123
1325.343,0.7279644,0.7469275,2.456733,0.01450196,0.6174248,-0.08929051
1325.357,0.7281094,0.7469978,2.456562,0.01444073,0.6173938,-0.08922669
1325.37,0.7282991,0.7470764,2.456404,0.01435623,0.6173626,-0.08916644
1325.385,0.7284899,0.7471402,2.45624,0.01426111,0.6173314,-0.08905333
1325.399,0.7286598,0.7471753,2.456078,0.01432142,0.6173955,-0.08888778
1325.412,0.728834,0.7471733,2.455902,0.01440119,0.6175653,-0.08888301
1325.428,0.728972,0.747143,2.455698,0.01428558,0.6176664,-0.08907811
1325.441,0.729104,0.7470604,2.455468,0.01393136,0.617725,-0.08934454
1325.455,0.7291815,0.7469598,2.455331,0.01389084,0.6177356,-0.0894959
1325.468,0.7293062,0.7467668,2.455184,0.01422789,0.6177243,-0.08951535
1325.482,0.7294674,0.7465032,2.455067,0.01490846,0.6175894,-0.08951839
1325.497,0.7295665,0.7463208,2.454955,0.01517749,0.6174384,-0.08975255
1325.51,0.7296636,0.7461479,2.454792,0.01494705,0.6174085,-0.09011734
1325.524,0.7297881,0.7459707,2.454615,0.01471835,0.6175469,-0.09043602
1325.538,0.7298924,0.7458191,2.454467,0.01459974,0.6177166,-0.09062892
1325.552,0.7299883,0.7456292,2.454288,0.01477197,0.6179301,-0.0907473
1325.566,0.7300988,0.7454437,2.454113,0.01481351,0.6180968,-0.09104998
1325.58,0.7302279,0.7452773,2.453959,0.01463933,0.6182079,-0.0915977
1325.594,0.7303323,0.7451385,2.453835,0.01422373,0.6180477,-0.09214318
1325.608,0.7303966,0.7450604,2.453786,0.01419524,0.6179535,-0.0923125
1325.622,0.7304527,0.7449884,2.453741,0.01438192,0.6178386,-0.09226567
1325.636,0.7306069,0.7449076,2.453707,0.01473037,0.6175598,-0.09206513
1325.649,0.7307003,0.7448841,2.453644,0.01473639,0.6173127,-0.09210329
1325.664,0.730812,0.7448751,2.453506,0.01452044,0.6171792,-0.09228512
1325.678,0.7309647,0.7448778,2.453293,0.01420054,0.617221,-0.09250508
1325.691,0.7311755,0.7448753,2.452996,0.01397084,0.6176353,-0.09254875
1325.705,0.7313917,0.744848,2.45274,0.01398904,0.6181934,-0.09244529
1325.719,0.7315711,0.7448126,2.452579,0.01392277,0.6184251,-0.09239314
1325.733,0.7317715,0.7447592,2.452452,0.01379533,0.6183801,-0.09243409
1325.747,0.7319973,0.7446917,2.45232,0.01377708,0.6183217,-0.09249342
1325.761,0.7322381,0.7446045,2.452165,0.01377997,0.618359,-0.09251925
1325.775,0.7324836,0.7445136,2.451986,0.01377951,0.6184958,-0.09253323
1325.789,0.732446,0.7446628,2.451756,0.0132135,0.6183148,-0.09242621
1325.803,0.7320139,0.7451326,2.451479,0.01209588,0.6176541,-0.09199663
1325.817,0.7315757,0.7455982,2.451222,0.0109687,0.616922,-0.09160147
1325.831,0.731661,0.7455471,2.45102,0.01096745,0.6169295,-0.0916108
1325.846,0.7317942,0.7454582,2.450846,0.01103227,0.6169345,-0.0917062
1325.859,0.7319155,0.7453748,2.450682,0.01104149,0.6169441,-0.09182973
1325.872,0.7320691,0.7452869,2.450456,0.01092589,0.6169575,-0.09212447
1325.887,0.7321864,0.7452244,2.450252,0.01070821,0.6170186,-0.09228304
1325.901,0.7322896,0.7451842,2.450071,0.01053501,0.6170858,-0.09231497
1325.914,0.7323837,0.745154,2.449906,0.01050344,0.6171451,-0.092278
1325.928,0.7324818,0.7451307,2.449724,0.01047987,0.6172332,-0.0921655
1325.942,0.7325827,0.7451092,2.449542,0.01051735,0.6173851,-0.09196784
1325.956,0.7326495,0.7450776,2.449413,0.01056608,0.6174302,-0.09187055
1325.97,0.7326991,0.7450418,2.449302,0.01052201,0.617425,-0.09188807
1325.984,0.732758,0.7449728,2.44914,0.01040395,0.6174347,-0.09197805
1325.998,0.7327887,0.7449167,2.449021,0.01031681,0.6174608,-0.09210328
1326.011,0.7328074,0.7448517,2.448891,0.01023664,0.6175672,-0.09221735
1326.026,0.7328086,0.7447889,2.448767,0.01017373,0.6176874,-0.09230009
1326.04,0.7328067,0.7447575,2.448694,0.01013738,0.6177413,-0.09237422
1326.053,0.732788,0.7447217,2.44862,0.01006354,0.6177549,-0.09244239
1326.068,0.7327777,0.7447095,2.448601,0.01003748,0.6177639,-0.09244446
1326.082,0.7327185,0.7446645,2.44854,0.01001125,0.6177838,-0.09240209
1326.096,0.7326688,0.7446213,2.448519,0.01006871,0.6177784,-0.09238868
1326.109,0.7326081,0.7445662,2.44851,0.01004346,0.6177277,-0.09248395
1326.124,0.7325483,0.7445037,2.448516,0.009998547,0.6176831,-0.0926183
1326.137,0.7324955,0.7444448,2.448547,0.01000302,0.6175922,-0.09284964
1326.151,0.7324429,0.7443992,2.448585,0.009971487,0.6174915,-0.0931153
1326.165,0.7323828,0.744373,2.448632,0.009859391,0.617371,-0.09339048
1326.179,0.7323103,0.7443771,2.448688,0.009681934,0.6172593,-0.09354797
1326.193,0.7322559,0.74441,2.448739,0.009561527,0.6171801,-0.09354212
1326.207,0.7321859,0.7444626,2.448815,0.00963229,0.6170537,-0.0933599
1326.221,0.7321222,0.7445138,2.448875,0.009771689,0.616967,-0.09313967
1326.235,0.7320708,0.7445636,2.448925,0.009914083,0.6169336,-0.09288305
1326.248,0.7320315,0.7446017,2.448966,0.01007004,0.6168456,-0.09273504
1326.264,0.7320029,0.7446368,2.448986,0.01011523,0.616777,-0.09276609
1326.277,0.7319781,0.7446823,2.449001,0.01001766,0.6166269,-0.09295785
1326.29,0.7319549,0.7447507,2.448976,0.009732196,0.616376,-0.09330519
1326.304,0.7319264,0.7448088,2.448909,0.00951086,0.6162522,-0.09351386
1326.318,0.7318993,0.7448668,2.448816,0.009373159,0.6162894,-0.09359235
1326.332,0.7318814,0.7449812,2.448629,0.00925151,0.6165257,-0.09344327
1326.346,0.7318814,0.7450668,2.448451,0.009349465,0.6167583,-0.09326836
1326.36,0.7318905,0.7451307,2.448302,0.009376272,0.6168862,-0.09323674
1326.374,0.7319072,0.7452099,2.448108,0.009231507,0.6169626,-0.09338421
1326.388,0.7319282,0.7453078,2.44787,0.008885263,0.6169406,-0.09356979
1326.402,0.7319494,0.7453656,2.447717,0.008778139,0.6169693,-0.0936392
1326.416,0.7319682,0.7454199,2.447534,0.008788118,0.6170142,-0.09363059
1326.429,0.731992,0.745471,2.447269,0.008836485,0.6171972,-0.0935757
1326.444,0.7320175,0.7454989,2.447014,0.00876553,0.617367,-0.0936745
1326.458,0.7320187,0.7455171,2.446688,0.008563413,0.6176112,-0.09398306
1326.471,0.7320024,0.7455262,2.446329,0.008314845,0.6179247,-0.0945006
1326.485,0.7319857,0.7455438,2.44604,0.008086503,0.6181167,-0.09497219
1326.499,0.7319865,0.7455556,2.445858,0.007898304,0.6181929,-0.09524511
1326.513,0.7319801,0.745581,2.4457,0.007759471,0.6181838,-0.09550393
1326.528,0.7320061,0.7456162,2.445579,0.007632168,0.6181758,-0.09562645
1326.541,0.7320463,0.7456701,2.445471,0.007570494,0.6180977,-0.09569045
1326.555,0.7320696,0.7457376,2.445367,0.007571343,0.6180742,-0.09566414
1326.568,0.7320399,0.7458303,2.445228,0.007549006,0.6180809,-0.09559572
1326.583,0.7320136,0.7459146,2.445086,0.007510345,0.6181267,-0.09558744
1326.597,0.7320004,0.7459843,2.444911,0.007362077,0.6181465,-0.09576074
1326.61,0.7320016,0.7460368,2.444721,0.007024957,0.6182395,-0.09612389
1326.625,0.7319996,0.7460601,2.444564,0.006776481,0.6183366,-0.09646708
1326.639,0.7320003,0.7460699,2.444449,0.006704649,0.6184196,-0.09663949
1326.652,0.7319944,0.7460794,2.444342,0.006722356,0.6184946,-0.09675065
1326.666,0.731949,0.7461041,2.444229,0.00669391,0.6185153,-0.09684613
1326.682,0.7318916,0.7461382,2.44411,0.006605391,0.6185056,-0.09693453
1326.694,0.7318535,0.7461622,2.444031,0.006527328,0.6184617,-0.09696246
1326.708,0.7318053,0.7461883,2.443943,0.006478935,0.6184297,-0.09697106
1326.722,0.7317564,0.7462045,2.443868,0.00648817,0.618468,-0.09687284
1326.736,0.7317141,0.7461984,2.443801,0.006644072,0.6185724,-0.09670705
1326.749,0.7316695,0.7461697,2.443743,0.006809452,0.6185994,-0.09667517
1326.764,0.7316238,0.7461233,2.443678,0.006870383,0.6185722,-0.09669311
1326.778,0.7315642,0.7460432,2.4436,0.006898753,0.6185121,-0.09684356
1326.791,0.7314956,0.7459543,2.443503,0.006930994,0.6184704,-0.09708387
1326.806,0.7314245,0.7458808,2.443397,0.00687312,0.6184725,-0.09739479
1326.82,0.731362,0.7458216,2.443295,0.006748775,0.618485,-0.09767962
1326.833,0.7313871,0.7457589,2.443252,0.006617417,0.618497,-0.09788017
1326.847,0.7314044,0.7457007,2.443216,0.006514859,0.6184384,-0.09802341
1326.861,0.7314305,0.7456399,2.443182,0.006528835,0.6184128,-0.09810719
1326.875,0.731446,0.7455726,2.443142,0.006619454,0.6184725,-0.09805781
1326.889,0.7314557,0.7455137,2.443096,0.006761865,0.6185356,-0.0979315
1326.903,0.7314236,0.7454717,2.443027,0.006785305,0.6185465,-0.09797777
1326.917,0.731405,0.7453719,2.44296,0.006605402,0.6183816,-0.09836487
1326.931,0.7314057,0.745255,2.442878,0.006357321,0.6180946,-0.0989298
1326.945,0.7314136,0.7451307,2.442756,0.006313949,0.6179481,-0.0993582
1326.959,0.7314486,0.7450154,2.44262,0.00630724,0.6179652,-0.09965762
1326.972,0.7315018,0.7448834,2.442448,0.006310484,0.6179776,-0.09990527
1326.987,0.7315611,0.7447422,2.442225,0.006344565,0.6180186,-0.1000784
1327.001,0.7316309,0.7445756,2.441942,0.006452391,0.6180484,-0.1001513
1327.015,0.7317268,0.7443876,2.441541,0.006575998,0.6179987,-0.1001622
1327.028,0.7318927,0.744114,2.440808,0.007020781,0.6181724,-0.09970796
1327.042,0.7321482,0.7437822,2.439571,0.009236009,0.6190832,-0.09766811
1327.057,0.7322742,0.7436616,2.43873,0.01229528,0.6201921,-0.09379616
1327.07,0.7324123,0.7436025,2.437759,0.01637385,0.6214033,-0.08853271
1327.084,0.7325661,0.7438245,2.436653,0.02476207,0.6231865,-0.07886366
1327.099,0.7326049,0.7441707,2.435566,0.03510103,0.6247355,-0.0657727
1327.112,0.7326405,0.7448646,2.434279,0.04926023,0.6269728,-0.04729371
1327.126,0.7325863,0.7460955,2.432796,0.06582142,0.6294303,-0.02463225
1327.14,0.7322723,0.7481242,2.43104,0.08294814,0.6314414,0.003195574
1327.153,0.7312989,0.7511723,2.42901,0.09959056,0.6327301,0.03969085
1327.168,0.729906,0.7545383,2.426543,0.1132871,0.6342425,0.07913228
1327.182,0.7283727,0.7579496,2.422982,0.1218942,0.6368162,0.116571
1327.196,0.7265659,0.7616146,2.417867,0.1219744,0.6408536,0.1430684
1327.209,0.7244502,0.7654759,2.411587,0.1134612,0.6459518,0.1584458
1327.224,0.7221949,0.7695322,2.404379,0.1011023,0.6520345,0.1663086
1327.237,0.719337,0.7740026,2.396464,0.08817481,0.6577428,0.1713291
1327.251,0.7155206,0.7786962,2.387936,0.07745428,0.6646072,0.1795135
1327.265,0.7107929,0.7834842,2.378973,0.07138215,0.6734378,0.1925989
1327.279,0.7053221,0.7884284,2.369666,0.0716802,0.685141,0.2104561
1327.293,0.6991507,0.7931072,2.360071,0.07565769,0.6980231,0.2313153
1327.307,0.6919882,0.7974801,2.349876,0.07943602,0.7100435,0.2496914
1327.321,0.6847321,0.8010612,2.339409,0.08010045,0.7215562,0.2628135
1327.335,0.6787028,0.8031552,2.329065,0.07663555,0.7332341,0.2695761
1327.348,0.6721157,0.8047485,2.318021,0.06977696,0.7463469,0.270216
1327.363,0.6628001,0.8064867,2.30618,0.0597413,0.7607953,0.267012
1327.377,0.6524243,0.80775,2.294289,0.04669825,0.774085,0.2639773
1327.39,0.6411031,0.8074677,2.282471,0.0312932,0.7859747,0.2588252
1327.404,0.6297417,0.8063124,2.271035,0.01888799,0.7964407,0.2547981
1327.418,0.6184416,0.8044105,2.259822,0.009568926,0.8068404,0.2518873
1327.432,0.6070831,0.8006107,2.249095,0.008506561,0.818117,0.249135
1327.446,0.5959941,0.7969356,2.238676,0.01016022,0.8293947,0.2468066
1327.46,0.5851759,0.7922659,2.228738,0.01681806,0.841347,0.2448995
1327.474,0.5743531,0.7863725,2.219302,0.02515072,0.8518972,0.2433724
1327.487,0.5635442,0.780158,2.210003,0.02977114,0.8606802,0.2420474
1327.503,0.5530595,0.7725363,2.200753,0.03389214,0.8683951,0.2395421
1327.517,0.5432923,0.7638657,2.191328,0.04052798,0.8770315,0.2318739
1327.529,0.5340583,0.7550787,2.182026,0.05023461,0.8863102,0.2223583
1327.543,0.5253061,0.7454838,2.172809,0.06171255,0.8955214,0.2097268
1327.557,0.5166386,0.7355245,2.163982,0.06997676,0.9033445,0.19651
1327.571,0.5080093,0.725108,2.155817,0.07315609,0.9091159,0.1854422
1327.585,0.4996298,0.7140359,2.148082,0.07396776,0.9131761,0.1766496
1327.599,0.4916976,0.7022702,2.140301,0.07860702,0.9168621,0.1669854
1327.613,0.484493,0.6900029,2.132288,0.0900427,0.9213407,0.1534588
1327.627,0.4775138,0.6775339,2.124397,0.1050803,0.9260236,0.136506
1327.641,0.4706604,0.6650295,2.117022,0.1201818,0.9302966,0.118184
1327.655,0.464001,0.6528242,2.110621,0.1337443,0.9332505,0.1002987
1327.669,0.4573869,0.6413066,2.105101,0.1441819,0.9341919,0.08674126
1327.683,0.4509813,0.6300951,2.100225,0.1528399,0.9336954,0.0762341
1327.697,0.4446152,0.6191911,2.095584,0.1610666,0.9328175,0.06599616
1327.71,0.4384278,0.6088872,2.090988,0.1674816,0.9323488,0.05475442
1327.725,0.4319392,0.5994649,2.086777,0.1712714,0.9321057,0.04228044
1327.739,0.4256336,0.5907202,2.083111,0.1754326,0.932633,0.03102954
1327.752,0.4195995,0.5826311,2.079971,0.1824918,0.9334525,0.02320944
1327.767,0.4141264,0.5749902,2.077219,0.1921676,0.9337952,0.01728458
1327.781,0.409216,0.5682784,2.075226,0.2049616,0.932929,0.01427708
1327.795,0.4050161,0.5616797,2.073144,0.2169653,0.931141,0.01084114
1327.808,0.4012671,0.5559305,2.071266,0.2270425,0.9286934,0.008230501
1327.822,0.3976113,0.5508881,2.069419,0.2337248,0.9263567,0.006034528
1327.836,0.3938014,0.5459162,2.067525,0.2396258,0.9246743,0.003076894
1327.85,0.390072,0.5414593,2.065643,0.2445929,0.9238207,2.335417E-05
1327.864,0.3864698,0.5374039,2.063778,0.2497241,0.9235939,-0.0026201
1327.878,0.3828466,0.5334781,2.062078,0.2554041,0.9232881,-0.005434485
1327.892,0.3795204,0.5299947,2.060456,0.2604073,0.9229988,-0.008110544
1327.906,0.376262,0.5267738,2.058852,0.2648621,0.92254,-0.01145998
1327.92,0.3731721,0.5239559,2.057277,0.2675083,0.9223109,-0.0150403
1327.935,0.370141,0.5214432,2.055782,0.2691169,0.9222087,-0.01823268
1327.947,0.3672867,0.5191358,2.054337,0.2703251,0.9222628,-0.0211527
1327.961,0.3645397,0.5170534,2.052937,0.2716251,0.9223928,-0.0238916
1327.975,0.3619589,0.5151649,2.051645,0.2734595,0.9223529,-0.0262072
1327.989,0.359586,0.5134054,2.050424,0.2763816,0.9219927,-0.02834389
1328.003,0.3574664,0.5117892,2.049299,0.2804579,0.9212725,-0.03042923
1328.017,0.3557937,0.5101262,2.048269,0.2879964,0.919668,-0.03206095
1328.031,0.3538714,0.5087137,2.047106,0.2941737,0.9181098,-0.03411718
1328.045,0.3519304,0.5076923,2.046025,0.2963437,0.9173689,-0.03574648
1328.059,0.3500581,0.5066803,2.044966,0.2975982,0.9171073,-0.03742476
1328.072,0.3483798,0.5056773,2.043904,0.2986859,0.9172773,-0.0388443
1328.087,0.3467256,0.5047503,2.042975,0.2989752,0.9175285,-0.04013629
1328.101,0.3451667,0.5039641,2.042042,0.2982414,0.9177486,-0.04139553
1328.115,0.3437108,0.5032082,2.041062,0.2970279,0.9178967,-0.04307697
1328.128,0.3422517,0.5024651,2.040056,0.2954156,0.9180915,-0.04535302
1328.142,0.3408681,0.5018138,2.039095,0.2931104,0.9185173,-0.04815118
1328.156,0.3395921,0.5014111,2.038178,0.2902122,0.9191523,-0.05038396
1328.17,0.3384253,0.5011898,2.037417,0.2874903,0.9197929,-0.05169827
1328.184,0.337388,0.5011969,2.036835,0.2852937,0.9204164,-0.05109384
1328.198,0.3365264,0.5011066,2.036216,0.2857921,0.9206935,-0.04981721
1328.212,0.3357086,0.5010933,2.035558,0.2862288,0.9210818,-0.04936924
1328.226,0.3350373,0.5012537,2.034947,0.2862694,0.9214178,-0.0497687
1328.24,0.3344446,0.5015571,2.034415,0.2852877,0.921849,-0.05015023
1328.254,0.3339353,0.5019196,2.033955,0.2837036,0.922351,-0.04995593
1328.267,0.3335302,0.5022504,2.033498,0.282143,0.9229255,-0.04941317
1328.282,0.3332571,0.5025744,2.033059,0.2817148,0.923158,-0.049348
1328.296,0.3332101,0.5027586,2.032767,0.2826442,0.9230213,-0.04931266
1328.309,0.3331984,0.5029445,2.032485,0.2831405,0.9229369,-0.04891774
1328.323,0.333043,0.5034204,2.032072,0.2821011,0.9228014,-0.04994887
1328.338,0.3329706,0.5034392,2.031989,0.2826327,0.9228189,-0.04933407
1328.351,0.3328243,0.5039153,2.031623,0.2826526,0.9230115,-0.04859344
1328.366,0.3326688,0.5043646,2.031208,0.2812434,0.9235299,-0.04833778
1328.379,0.3323737,0.5049558,2.03068,0.2780645,0.9244923,-0.04906096
1328.393,0.3321152,0.5053234,2.030358,0.2752516,0.9254336,-0.04979942
1328.407,0.3319157,0.5056876,2.03006,0.2727414,0.9264213,-0.05030173
1328.421,0.3318263,0.5060735,2.029819,0.2697507,0.9274489,-0.05035209
1328.435,0.331702,0.5065076,2.029613,0.2675984,0.9280623,-0.05049985
1328.448,0.3316414,0.5068389,2.029447,0.2657059,0.9287671,-0.05037836
1328.463,0.3315718,0.5071759,2.029282,0.2637687,0.9294323,-0.05047282
1328.477,0.3315347,0.5075679,2.029084,0.261662,0.9301101,-0.05093734
1328.49,0.3314977,0.5079815,2.028916,0.259644,0.9307858,-0.05113933
1328.505,0.33151,0.5084027,2.028793,0.2579596,0.9314336,-0.05082833
1328.518,0.3315349,0.5088434,2.028703,0.2564805,0.9319915,-0.05041533
1328.532,0.3315605,0.5092882,2.028593,0.2553493,0.9324647,-0.05012566
1328.546,0.3315962,0.5097237,2.028473,0.2543498,0.932865,-0.04977622
1328.56,0.3315774,0.5101415,2.028355,0.2527606,0.9332951,-0.04923807
1328.576,0.3315147,0.5105518,2.028194,0.2511337,0.9338146,-0.04911536
1328.588,0.3314327,0.5109626,2.028,0.2492604,0.9344051,-0.04913685
1328.602,0.3313278,0.511384,2.02782,0.2476296,0.9349529,-0.04941749
1328.616,0.3312584,0.5118254,2.027631,0.246585,0.9354344,-0.04949992
1328.629,0.3311468,0.5122705,2.027441,0.246237,0.9357339,-0.04932041
1328.643,0.3309371,0.51278,2.027209,0.2457093,0.9362282,-0.04904139
1328.658,0.3306837,0.5132811,2.02693,0.2448021,0.936918,-0.04858968
1328.671,0.3304614,0.5138113,2.026635,0.2433198,0.9376755,-0.04830789
1328.685,0.3302478,0.5143782,2.02631,0.2415638,0.9384301,-0.047996
1328.699,0.3299964,0.514964,2.026036,0.2397715,0.9390993,-0.0474553
1328.713,0.3297563,0.515571,2.025774,0.2378625,0.939752,-0.04676563
1328.727,0.3295021,0.5161821,2.025483,0.2359842,0.9403106,-0.04587222
1328.741,0.3291704,0.5167553,2.025183,0.2343142,0.9408376,-0.04504592
1328.755,0.3286782,0.5173846,2.024879,0.2323404,0.9416314,-0.0438861
1328.769,0.3283354,0.5178612,2.024479,0.230861,0.9424895,-0.04298623
1328.784,0.3279964,0.51823,2.024105,0.2301494,0.9430013,-0.04279624
1328.797,0.3276674,0.5185442,2.023763,0.2295217,0.9432956,-0.04278182
1328.81,0.3273263,0.5187989,2.023433,0.2291273,0.9434659,-0.04278352
1328.825,0.3269234,0.519051,2.023126,0.228271,0.9437575,-0.04241791
1328.839,0.3263562,0.5192803,2.022884,0.2262139,0.944119,-0.04171417
1328.852,0.3257322,0.5194663,2.02261,0.2236887,0.9446502,-0.04128148
1328.866,0.3249912,0.5195851,2.022398,0.2210653,0.9452342,-0.04096454
1328.881,0.3240719,0.5196093,2.022291,0.2190556,0.9457498,-0.04055908
1328.895,0.3231391,0.5196745,2.022251,0.2178614,0.946111,-0.03992733
1328.908,0.3218802,0.5198685,2.022389,0.2161963,0.9464604,-0.03880026
1328.922,0.3203706,0.5200778,2.022506,0.213453,0.9470499,-0.03729375
1328.936,0.3184808,0.5202627,2.022689,0.2092831,0.9479113,-0.03555507
1328.949,0.3163201,0.5204828,2.022988,0.2042876,0.9487123,-0.03339276
1328.964,0.3138771,0.5206286,2.023353,0.199578,0.9493675,-0.03043602
1328.978,0.3111393,0.5207373,2.023751,0.1952291,0.9498756,-0.02683716
1328.991,0.3080752,0.5209348,2.024282,0.1905321,0.9501956,-0.02265182
1329.005,0.3048911,0.5214084,2.025064,0.1849681,0.9502825,-0.01673265
1329.02,0.3016186,0.5224172,2.026392,0.176569,0.9497774,-0.007455742
1329.033,0.2979315,0.5238353,2.028169,0.1634887,0.9485115,0.005094444
1329.047,0.2933957,0.5258092,2.029972,0.1422485,0.9469475,0.01790554
1329.062,0.287926,0.5285306,2.031765,0.1122918,0.9453633,0.03019967
1329.075,0.2816705,0.5317992,2.033702,0.07895489,0.94351,0.04462024
1329.089,0.2747215,0.5352139,2.035612,0.0498516,0.941599,0.06125009
1329.103,0.2672855,0.5387526,2.037342,0.02947354,0.940758,0.07874011
1329.117,0.2594491,0.5419705,2.038785,0.0202215,0.9423234,0.09556944
1329.13,0.2515892,0.5452398,2.040285,0.01089392,0.943664,0.1112122
1329.145,0.2435555,0.5484394,2.042046,-0.0001709981,0.9434579,0.1267327
1329.159,0.235592,0.551262,2.043533,-0.01079714,0.9420521,0.1414198
1329.172,0.2276039,0.5534558,2.044447,-0.01926786,0.9405736,0.1534082
1329.187,0.2197223,0.5552275,2.044643,-0.02633318,0.9403852,0.1612332
1329.202,0.2120533,0.5569657,2.044653,-0.03585891,0.9408818,0.1675532
1329.215,0.2048829,0.5584811,2.044723,-0.04700453,0.9410343,0.1742857
1329.228,0.1985948,0.5600884,2.044938,-0.06050878,0.9395786,0.1807241
1329.242,0.1925507,0.5617822,2.045455,-0.07276589,0.9366713,0.1885419
1329.256,0.1874826,0.5634465,2.04602,-0.08107626,0.9330509,0.1978984
1329.27,0.1833053,0.5648768,2.046371,-0.08229125,0.9302741,0.206564
1329.284,0.1793236,0.5661318,2.046465,-0.080778,0.9286134,0.2112397
1329.298,0.1759222,0.5672417,2.046323,-0.07500085,0.9284208,0.2127098
